{
 "cells": [
  {
   "cell_type": "code",
   "execution_count": 27,
   "metadata": {},
   "outputs": [],
   "source": [
    "import pandas as pd\n",
    "import numpy as np"
   ]
  },
  {
   "cell_type": "code",
   "execution_count": 35,
   "metadata": {},
   "outputs": [
    {
     "data": {
      "text/html": [
       "<div>\n",
       "<style scoped>\n",
       "    .dataframe tbody tr th:only-of-type {\n",
       "        vertical-align: middle;\n",
       "    }\n",
       "\n",
       "    .dataframe tbody tr th {\n",
       "        vertical-align: top;\n",
       "    }\n",
       "\n",
       "    .dataframe thead th {\n",
       "        text-align: right;\n",
       "    }\n",
       "</style>\n",
       "<table border=\"1\" class=\"dataframe\">\n",
       "  <thead>\n",
       "    <tr style=\"text-align: right;\">\n",
       "      <th></th>\n",
       "      <th>Country</th>\n",
       "      <th>City</th>\n",
       "      <th>AirQuality</th>\n",
       "      <th>AirPollution</th>\n",
       "      <th>WaterQuality</th>\n",
       "      <th>WaterPollution</th>\n",
       "    </tr>\n",
       "  </thead>\n",
       "  <tbody>\n",
       "    <tr>\n",
       "      <th>0</th>\n",
       "      <td>Afghanistan</td>\n",
       "      <td>Andkhoy</td>\n",
       "      <td>50.000000</td>\n",
       "      <td>50.000000</td>\n",
       "      <td>50.000000</td>\n",
       "      <td>50.000000</td>\n",
       "    </tr>\n",
       "    <tr>\n",
       "      <th>1</th>\n",
       "      <td>Afghanistan</td>\n",
       "      <td>Farah</td>\n",
       "      <td>100.000000</td>\n",
       "      <td>0.000000</td>\n",
       "      <td>100.000000</td>\n",
       "      <td>0.000000</td>\n",
       "    </tr>\n",
       "    <tr>\n",
       "      <th>2</th>\n",
       "      <td>Afghanistan</td>\n",
       "      <td>Herat</td>\n",
       "      <td>43.750000</td>\n",
       "      <td>56.250000</td>\n",
       "      <td>68.750000</td>\n",
       "      <td>31.250000</td>\n",
       "    </tr>\n",
       "    <tr>\n",
       "      <th>3</th>\n",
       "      <td>Afghanistan</td>\n",
       "      <td>Kabul</td>\n",
       "      <td>18.421053</td>\n",
       "      <td>81.578947</td>\n",
       "      <td>18.939394</td>\n",
       "      <td>81.060606</td>\n",
       "    </tr>\n",
       "    <tr>\n",
       "      <th>4</th>\n",
       "      <td>Afghanistan</td>\n",
       "      <td>Kandahar</td>\n",
       "      <td>0.000000</td>\n",
       "      <td>100.000000</td>\n",
       "      <td>25.000000</td>\n",
       "      <td>75.000000</td>\n",
       "    </tr>\n",
       "  </tbody>\n",
       "</table>\n",
       "</div>"
      ],
      "text/plain": [
       "        Country      City  AirQuality  AirPollution  WaterQuality  \\\n",
       "0   Afghanistan   Andkhoy   50.000000     50.000000     50.000000   \n",
       "1   Afghanistan     Farah  100.000000      0.000000    100.000000   \n",
       "2   Afghanistan     Herat   43.750000     56.250000     68.750000   \n",
       "3   Afghanistan     Kabul   18.421053     81.578947     18.939394   \n",
       "4   Afghanistan  Kandahar    0.000000    100.000000     25.000000   \n",
       "\n",
       "   WaterPollution  \n",
       "0       50.000000  \n",
       "1        0.000000  \n",
       "2       31.250000  \n",
       "3       81.060606  \n",
       "4       75.000000  "
      ]
     },
     "execution_count": 35,
     "metadata": {},
     "output_type": "execute_result"
    }
   ],
   "source": [
    "df = pd.read_csv('./../datasets/world_cities_air_water_quality.csv')\n",
    "\n",
    "df.head()"
   ]
  },
  {
   "cell_type": "code",
   "execution_count": 37,
   "metadata": {},
   "outputs": [
    {
     "data": {
      "text/html": [
       "<div>\n",
       "<style scoped>\n",
       "    .dataframe tbody tr th:only-of-type {\n",
       "        vertical-align: middle;\n",
       "    }\n",
       "\n",
       "    .dataframe tbody tr th {\n",
       "        vertical-align: top;\n",
       "    }\n",
       "\n",
       "    .dataframe thead th {\n",
       "        text-align: right;\n",
       "    }\n",
       "</style>\n",
       "<table border=\"1\" class=\"dataframe\">\n",
       "  <thead>\n",
       "    <tr style=\"text-align: right;\">\n",
       "      <th></th>\n",
       "      <th></th>\n",
       "      <th>AirPollution</th>\n",
       "      <th>AirQuality</th>\n",
       "      <th>WaterPollution</th>\n",
       "      <th>WaterQuality</th>\n",
       "    </tr>\n",
       "    <tr>\n",
       "      <th>Country</th>\n",
       "      <th>City</th>\n",
       "      <th></th>\n",
       "      <th></th>\n",
       "      <th></th>\n",
       "      <th></th>\n",
       "    </tr>\n",
       "  </thead>\n",
       "  <tbody>\n",
       "    <tr>\n",
       "      <th rowspan=\"5\" valign=\"top\">Afghanistan</th>\n",
       "      <th>Andkhoy</th>\n",
       "      <td>50.000000</td>\n",
       "      <td>50.000000</td>\n",
       "      <td>50.000000</td>\n",
       "      <td>50.000000</td>\n",
       "    </tr>\n",
       "    <tr>\n",
       "      <th>Farah</th>\n",
       "      <td>0.000000</td>\n",
       "      <td>100.000000</td>\n",
       "      <td>0.000000</td>\n",
       "      <td>100.000000</td>\n",
       "    </tr>\n",
       "    <tr>\n",
       "      <th>Herat</th>\n",
       "      <td>56.250000</td>\n",
       "      <td>43.750000</td>\n",
       "      <td>31.250000</td>\n",
       "      <td>68.750000</td>\n",
       "    </tr>\n",
       "    <tr>\n",
       "      <th>Kabul</th>\n",
       "      <td>81.578947</td>\n",
       "      <td>18.421053</td>\n",
       "      <td>81.060606</td>\n",
       "      <td>18.939394</td>\n",
       "    </tr>\n",
       "    <tr>\n",
       "      <th>Kandahar</th>\n",
       "      <td>100.000000</td>\n",
       "      <td>0.000000</td>\n",
       "      <td>75.000000</td>\n",
       "      <td>25.000000</td>\n",
       "    </tr>\n",
       "    <tr>\n",
       "      <th>...</th>\n",
       "      <th>...</th>\n",
       "      <td>...</td>\n",
       "      <td>...</td>\n",
       "      <td>...</td>\n",
       "      <td>...</td>\n",
       "    </tr>\n",
       "    <tr>\n",
       "      <th>Zambia</th>\n",
       "      <th>Mansa</th>\n",
       "      <td>25.000000</td>\n",
       "      <td>75.000000</td>\n",
       "      <td>25.000000</td>\n",
       "      <td>75.000000</td>\n",
       "    </tr>\n",
       "    <tr>\n",
       "      <th rowspan=\"4\" valign=\"top\">Zimbabwe</th>\n",
       "      <th>Bindura</th>\n",
       "      <td>50.000000</td>\n",
       "      <td>50.000000</td>\n",
       "      <td>75.000000</td>\n",
       "      <td>25.000000</td>\n",
       "    </tr>\n",
       "    <tr>\n",
       "      <th>Bulawayo</th>\n",
       "      <td>32.142857</td>\n",
       "      <td>67.857143</td>\n",
       "      <td>71.428571</td>\n",
       "      <td>28.571429</td>\n",
       "    </tr>\n",
       "    <tr>\n",
       "      <th>Harare</th>\n",
       "      <td>61.538462</td>\n",
       "      <td>38.461538</td>\n",
       "      <td>87.500000</td>\n",
       "      <td>12.500000</td>\n",
       "    </tr>\n",
       "    <tr>\n",
       "      <th>Masvingo</th>\n",
       "      <td>75.000000</td>\n",
       "      <td>25.000000</td>\n",
       "      <td>62.500000</td>\n",
       "      <td>37.500000</td>\n",
       "    </tr>\n",
       "  </tbody>\n",
       "</table>\n",
       "<p>3895 rows × 4 columns</p>\n",
       "</div>"
      ],
      "text/plain": [
       "                       AirPollution  AirQuality  WaterPollution  WaterQuality\n",
       "Country      City                                                            \n",
       " Afghanistan Andkhoy      50.000000   50.000000       50.000000     50.000000\n",
       "             Farah         0.000000  100.000000        0.000000    100.000000\n",
       "             Herat        56.250000   43.750000       31.250000     68.750000\n",
       "             Kabul        81.578947   18.421053       81.060606     18.939394\n",
       "             Kandahar    100.000000    0.000000       75.000000     25.000000\n",
       "...                             ...         ...             ...           ...\n",
       " Zambia      Mansa        25.000000   75.000000       25.000000     75.000000\n",
       " Zimbabwe    Bindura      50.000000   50.000000       75.000000     25.000000\n",
       "             Bulawayo     32.142857   67.857143       71.428571     28.571429\n",
       "             Harare       61.538462   38.461538       87.500000     12.500000\n",
       "             Masvingo     75.000000   25.000000       62.500000     37.500000\n",
       "\n",
       "[3895 rows x 4 columns]"
      ]
     },
     "execution_count": 37,
     "metadata": {},
     "output_type": "execute_result"
    }
   ],
   "source": [
    "df = pd.pivot_table(df, index=['Country', 'City'])\n",
    "\n",
    "df"
   ]
  },
  {
   "cell_type": "code",
   "execution_count": 38,
   "metadata": {},
   "outputs": [
    {
     "data": {
      "text/html": [
       "<div>\n",
       "<style scoped>\n",
       "    .dataframe tbody tr th:only-of-type {\n",
       "        vertical-align: middle;\n",
       "    }\n",
       "\n",
       "    .dataframe tbody tr th {\n",
       "        vertical-align: top;\n",
       "    }\n",
       "\n",
       "    .dataframe thead th {\n",
       "        text-align: right;\n",
       "    }\n",
       "</style>\n",
       "<table border=\"1\" class=\"dataframe\">\n",
       "  <thead>\n",
       "    <tr style=\"text-align: right;\">\n",
       "      <th></th>\n",
       "      <th></th>\n",
       "      <th>AirPollution</th>\n",
       "      <th>AirQuality</th>\n",
       "      <th>WaterPollution</th>\n",
       "      <th>WaterQuality</th>\n",
       "    </tr>\n",
       "    <tr>\n",
       "      <th>City</th>\n",
       "      <th>Country</th>\n",
       "      <th></th>\n",
       "      <th></th>\n",
       "      <th></th>\n",
       "      <th></th>\n",
       "    </tr>\n",
       "  </thead>\n",
       "  <tbody>\n",
       "    <tr>\n",
       "      <th>Andkhoy</th>\n",
       "      <th>Afghanistan</th>\n",
       "      <td>50.000000</td>\n",
       "      <td>50.000000</td>\n",
       "      <td>50.000000</td>\n",
       "      <td>50.000000</td>\n",
       "    </tr>\n",
       "    <tr>\n",
       "      <th>Farah</th>\n",
       "      <th>Afghanistan</th>\n",
       "      <td>0.000000</td>\n",
       "      <td>100.000000</td>\n",
       "      <td>0.000000</td>\n",
       "      <td>100.000000</td>\n",
       "    </tr>\n",
       "    <tr>\n",
       "      <th>Herat</th>\n",
       "      <th>Afghanistan</th>\n",
       "      <td>56.250000</td>\n",
       "      <td>43.750000</td>\n",
       "      <td>31.250000</td>\n",
       "      <td>68.750000</td>\n",
       "    </tr>\n",
       "    <tr>\n",
       "      <th>Kabul</th>\n",
       "      <th>Afghanistan</th>\n",
       "      <td>81.578947</td>\n",
       "      <td>18.421053</td>\n",
       "      <td>81.060606</td>\n",
       "      <td>18.939394</td>\n",
       "    </tr>\n",
       "    <tr>\n",
       "      <th>Kandahar</th>\n",
       "      <th>Afghanistan</th>\n",
       "      <td>100.000000</td>\n",
       "      <td>0.000000</td>\n",
       "      <td>75.000000</td>\n",
       "      <td>25.000000</td>\n",
       "    </tr>\n",
       "    <tr>\n",
       "      <th>...</th>\n",
       "      <th>...</th>\n",
       "      <td>...</td>\n",
       "      <td>...</td>\n",
       "      <td>...</td>\n",
       "      <td>...</td>\n",
       "    </tr>\n",
       "    <tr>\n",
       "      <th>Mansa</th>\n",
       "      <th>Zambia</th>\n",
       "      <td>25.000000</td>\n",
       "      <td>75.000000</td>\n",
       "      <td>25.000000</td>\n",
       "      <td>75.000000</td>\n",
       "    </tr>\n",
       "    <tr>\n",
       "      <th>Bindura</th>\n",
       "      <th>Zimbabwe</th>\n",
       "      <td>50.000000</td>\n",
       "      <td>50.000000</td>\n",
       "      <td>75.000000</td>\n",
       "      <td>25.000000</td>\n",
       "    </tr>\n",
       "    <tr>\n",
       "      <th>Bulawayo</th>\n",
       "      <th>Zimbabwe</th>\n",
       "      <td>32.142857</td>\n",
       "      <td>67.857143</td>\n",
       "      <td>71.428571</td>\n",
       "      <td>28.571429</td>\n",
       "    </tr>\n",
       "    <tr>\n",
       "      <th>Harare</th>\n",
       "      <th>Zimbabwe</th>\n",
       "      <td>61.538462</td>\n",
       "      <td>38.461538</td>\n",
       "      <td>87.500000</td>\n",
       "      <td>12.500000</td>\n",
       "    </tr>\n",
       "    <tr>\n",
       "      <th>Masvingo</th>\n",
       "      <th>Zimbabwe</th>\n",
       "      <td>75.000000</td>\n",
       "      <td>25.000000</td>\n",
       "      <td>62.500000</td>\n",
       "      <td>37.500000</td>\n",
       "    </tr>\n",
       "  </tbody>\n",
       "</table>\n",
       "<p>3895 rows × 4 columns</p>\n",
       "</div>"
      ],
      "text/plain": [
       "                       AirPollution  AirQuality  WaterPollution  WaterQuality\n",
       "City     Country                                                             \n",
       "Andkhoy   Afghanistan     50.000000   50.000000       50.000000     50.000000\n",
       "Farah     Afghanistan      0.000000  100.000000        0.000000    100.000000\n",
       "Herat     Afghanistan     56.250000   43.750000       31.250000     68.750000\n",
       "Kabul     Afghanistan     81.578947   18.421053       81.060606     18.939394\n",
       "Kandahar  Afghanistan    100.000000    0.000000       75.000000     25.000000\n",
       "...                             ...         ...             ...           ...\n",
       "Mansa     Zambia          25.000000   75.000000       25.000000     75.000000\n",
       "Bindura   Zimbabwe        50.000000   50.000000       75.000000     25.000000\n",
       "Bulawayo  Zimbabwe        32.142857   67.857143       71.428571     28.571429\n",
       "Harare    Zimbabwe        61.538462   38.461538       87.500000     12.500000\n",
       "Masvingo  Zimbabwe        75.000000   25.000000       62.500000     37.500000\n",
       "\n",
       "[3895 rows x 4 columns]"
      ]
     },
     "execution_count": 38,
     "metadata": {},
     "output_type": "execute_result"
    }
   ],
   "source": [
    "df.swaplevel('Country', 'City')"
   ]
  },
  {
   "cell_type": "code",
   "execution_count": 39,
   "metadata": {},
   "outputs": [
    {
     "data": {
      "text/html": [
       "<div>\n",
       "<style scoped>\n",
       "    .dataframe tbody tr th:only-of-type {\n",
       "        vertical-align: middle;\n",
       "    }\n",
       "\n",
       "    .dataframe tbody tr th {\n",
       "        vertical-align: top;\n",
       "    }\n",
       "\n",
       "    .dataframe thead th {\n",
       "        text-align: right;\n",
       "    }\n",
       "</style>\n",
       "<table border=\"1\" class=\"dataframe\">\n",
       "  <thead>\n",
       "    <tr style=\"text-align: right;\">\n",
       "      <th></th>\n",
       "      <th></th>\n",
       "      <th>AirPollution</th>\n",
       "      <th>AirQuality</th>\n",
       "      <th>WaterPollution</th>\n",
       "      <th>WaterQuality</th>\n",
       "    </tr>\n",
       "    <tr>\n",
       "      <th>Country</th>\n",
       "      <th>City</th>\n",
       "      <th></th>\n",
       "      <th></th>\n",
       "      <th></th>\n",
       "      <th></th>\n",
       "    </tr>\n",
       "  </thead>\n",
       "  <tbody>\n",
       "    <tr>\n",
       "      <th rowspan=\"4\" valign=\"top\">Zimbabwe</th>\n",
       "      <th>Masvingo</th>\n",
       "      <td>75.000000</td>\n",
       "      <td>25.000000</td>\n",
       "      <td>62.500000</td>\n",
       "      <td>37.500000</td>\n",
       "    </tr>\n",
       "    <tr>\n",
       "      <th>Harare</th>\n",
       "      <td>61.538462</td>\n",
       "      <td>38.461538</td>\n",
       "      <td>87.500000</td>\n",
       "      <td>12.500000</td>\n",
       "    </tr>\n",
       "    <tr>\n",
       "      <th>Bulawayo</th>\n",
       "      <td>32.142857</td>\n",
       "      <td>67.857143</td>\n",
       "      <td>71.428571</td>\n",
       "      <td>28.571429</td>\n",
       "    </tr>\n",
       "    <tr>\n",
       "      <th>Bindura</th>\n",
       "      <td>50.000000</td>\n",
       "      <td>50.000000</td>\n",
       "      <td>75.000000</td>\n",
       "      <td>25.000000</td>\n",
       "    </tr>\n",
       "    <tr>\n",
       "      <th>Zambia</th>\n",
       "      <th>Mansa</th>\n",
       "      <td>25.000000</td>\n",
       "      <td>75.000000</td>\n",
       "      <td>25.000000</td>\n",
       "      <td>75.000000</td>\n",
       "    </tr>\n",
       "    <tr>\n",
       "      <th>...</th>\n",
       "      <th>...</th>\n",
       "      <td>...</td>\n",
       "      <td>...</td>\n",
       "      <td>...</td>\n",
       "      <td>...</td>\n",
       "    </tr>\n",
       "    <tr>\n",
       "      <th rowspan=\"5\" valign=\"top\">Afghanistan</th>\n",
       "      <th>Kandahar</th>\n",
       "      <td>100.000000</td>\n",
       "      <td>0.000000</td>\n",
       "      <td>75.000000</td>\n",
       "      <td>25.000000</td>\n",
       "    </tr>\n",
       "    <tr>\n",
       "      <th>Kabul</th>\n",
       "      <td>81.578947</td>\n",
       "      <td>18.421053</td>\n",
       "      <td>81.060606</td>\n",
       "      <td>18.939394</td>\n",
       "    </tr>\n",
       "    <tr>\n",
       "      <th>Herat</th>\n",
       "      <td>56.250000</td>\n",
       "      <td>43.750000</td>\n",
       "      <td>31.250000</td>\n",
       "      <td>68.750000</td>\n",
       "    </tr>\n",
       "    <tr>\n",
       "      <th>Farah</th>\n",
       "      <td>0.000000</td>\n",
       "      <td>100.000000</td>\n",
       "      <td>0.000000</td>\n",
       "      <td>100.000000</td>\n",
       "    </tr>\n",
       "    <tr>\n",
       "      <th>Andkhoy</th>\n",
       "      <td>50.000000</td>\n",
       "      <td>50.000000</td>\n",
       "      <td>50.000000</td>\n",
       "      <td>50.000000</td>\n",
       "    </tr>\n",
       "  </tbody>\n",
       "</table>\n",
       "<p>3895 rows × 4 columns</p>\n",
       "</div>"
      ],
      "text/plain": [
       "                       AirPollution  AirQuality  WaterPollution  WaterQuality\n",
       "Country      City                                                            \n",
       " Zimbabwe    Masvingo     75.000000   25.000000       62.500000     37.500000\n",
       "             Harare       61.538462   38.461538       87.500000     12.500000\n",
       "             Bulawayo     32.142857   67.857143       71.428571     28.571429\n",
       "             Bindura      50.000000   50.000000       75.000000     25.000000\n",
       " Zambia      Mansa        25.000000   75.000000       25.000000     75.000000\n",
       "...                             ...         ...             ...           ...\n",
       " Afghanistan Kandahar    100.000000    0.000000       75.000000     25.000000\n",
       "             Kabul        81.578947   18.421053       81.060606     18.939394\n",
       "             Herat        56.250000   43.750000       31.250000     68.750000\n",
       "             Farah         0.000000  100.000000        0.000000    100.000000\n",
       "             Andkhoy      50.000000   50.000000       50.000000     50.000000\n",
       "\n",
       "[3895 rows x 4 columns]"
      ]
     },
     "execution_count": 39,
     "metadata": {},
     "output_type": "execute_result"
    }
   ],
   "source": [
    "df.sort_index(level=0, ascending=False)"
   ]
  },
  {
   "cell_type": "code",
   "execution_count": 44,
   "metadata": {},
   "outputs": [
    {
     "data": {
      "text/html": [
       "<div>\n",
       "<style scoped>\n",
       "    .dataframe tbody tr th:only-of-type {\n",
       "        vertical-align: middle;\n",
       "    }\n",
       "\n",
       "    .dataframe tbody tr th {\n",
       "        vertical-align: top;\n",
       "    }\n",
       "\n",
       "    .dataframe thead th {\n",
       "        text-align: right;\n",
       "    }\n",
       "</style>\n",
       "<table border=\"1\" class=\"dataframe\">\n",
       "  <thead>\n",
       "    <tr style=\"text-align: right;\">\n",
       "      <th></th>\n",
       "      <th></th>\n",
       "      <th>AirPollution</th>\n",
       "      <th>AirQuality</th>\n",
       "      <th>WaterPollution</th>\n",
       "      <th>WaterQuality</th>\n",
       "    </tr>\n",
       "    <tr>\n",
       "      <th>Country</th>\n",
       "      <th>City</th>\n",
       "      <th></th>\n",
       "      <th></th>\n",
       "      <th></th>\n",
       "      <th></th>\n",
       "    </tr>\n",
       "  </thead>\n",
       "  <tbody>\n",
       "    <tr>\n",
       "      <th rowspan=\"4\" valign=\"top\">Zimbabwe</th>\n",
       "      <th>Masvingo</th>\n",
       "      <td>75.000000</td>\n",
       "      <td>25.000000</td>\n",
       "      <td>62.500000</td>\n",
       "      <td>37.500000</td>\n",
       "    </tr>\n",
       "    <tr>\n",
       "      <th>Harare</th>\n",
       "      <td>61.538462</td>\n",
       "      <td>38.461538</td>\n",
       "      <td>87.500000</td>\n",
       "      <td>12.500000</td>\n",
       "    </tr>\n",
       "    <tr>\n",
       "      <th>Bulawayo</th>\n",
       "      <td>32.142857</td>\n",
       "      <td>67.857143</td>\n",
       "      <td>71.428571</td>\n",
       "      <td>28.571429</td>\n",
       "    </tr>\n",
       "    <tr>\n",
       "      <th>Bindura</th>\n",
       "      <td>50.000000</td>\n",
       "      <td>50.000000</td>\n",
       "      <td>75.000000</td>\n",
       "      <td>25.000000</td>\n",
       "    </tr>\n",
       "    <tr>\n",
       "      <th>Zambia</th>\n",
       "      <th>Mansa</th>\n",
       "      <td>25.000000</td>\n",
       "      <td>75.000000</td>\n",
       "      <td>25.000000</td>\n",
       "      <td>75.000000</td>\n",
       "    </tr>\n",
       "    <tr>\n",
       "      <th>...</th>\n",
       "      <th>...</th>\n",
       "      <td>...</td>\n",
       "      <td>...</td>\n",
       "      <td>...</td>\n",
       "      <td>...</td>\n",
       "    </tr>\n",
       "    <tr>\n",
       "      <th rowspan=\"5\" valign=\"top\">Afghanistan</th>\n",
       "      <th>Kandahar</th>\n",
       "      <td>100.000000</td>\n",
       "      <td>0.000000</td>\n",
       "      <td>75.000000</td>\n",
       "      <td>25.000000</td>\n",
       "    </tr>\n",
       "    <tr>\n",
       "      <th>Kabul</th>\n",
       "      <td>81.578947</td>\n",
       "      <td>18.421053</td>\n",
       "      <td>81.060606</td>\n",
       "      <td>18.939394</td>\n",
       "    </tr>\n",
       "    <tr>\n",
       "      <th>Herat</th>\n",
       "      <td>56.250000</td>\n",
       "      <td>43.750000</td>\n",
       "      <td>31.250000</td>\n",
       "      <td>68.750000</td>\n",
       "    </tr>\n",
       "    <tr>\n",
       "      <th>Farah</th>\n",
       "      <td>0.000000</td>\n",
       "      <td>100.000000</td>\n",
       "      <td>0.000000</td>\n",
       "      <td>100.000000</td>\n",
       "    </tr>\n",
       "    <tr>\n",
       "      <th>Andkhoy</th>\n",
       "      <td>50.000000</td>\n",
       "      <td>50.000000</td>\n",
       "      <td>50.000000</td>\n",
       "      <td>50.000000</td>\n",
       "    </tr>\n",
       "  </tbody>\n",
       "</table>\n",
       "<p>3895 rows × 4 columns</p>\n",
       "</div>"
      ],
      "text/plain": [
       "                       AirPollution  AirQuality  WaterPollution  WaterQuality\n",
       "Country      City                                                            \n",
       " Zimbabwe    Masvingo     75.000000   25.000000       62.500000     37.500000\n",
       "             Harare       61.538462   38.461538       87.500000     12.500000\n",
       "             Bulawayo     32.142857   67.857143       71.428571     28.571429\n",
       "             Bindura      50.000000   50.000000       75.000000     25.000000\n",
       " Zambia      Mansa        25.000000   75.000000       25.000000     75.000000\n",
       "...                             ...         ...             ...           ...\n",
       " Afghanistan Kandahar    100.000000    0.000000       75.000000     25.000000\n",
       "             Kabul        81.578947   18.421053       81.060606     18.939394\n",
       "             Herat        56.250000   43.750000       31.250000     68.750000\n",
       "             Farah         0.000000  100.000000        0.000000    100.000000\n",
       "             Andkhoy      50.000000   50.000000       50.000000     50.000000\n",
       "\n",
       "[3895 rows x 4 columns]"
      ]
     },
     "execution_count": 44,
     "metadata": {},
     "output_type": "execute_result"
    }
   ],
   "source": [
    "df.sort_index(ascending=False)"
   ]
  }
 ],
 "metadata": {
  "kernelspec": {
   "display_name": ".venv",
   "language": "python",
   "name": "python3"
  },
  "language_info": {
   "codemirror_mode": {
    "name": "ipython",
    "version": 3
   },
   "file_extension": ".py",
   "mimetype": "text/x-python",
   "name": "python",
   "nbconvert_exporter": "python",
   "pygments_lexer": "ipython3",
   "version": "3.10.12"
  }
 },
 "nbformat": 4,
 "nbformat_minor": 2
}
